level0
ExecutionTime(s):23.835999965667725
FailureRate:1.0
level1
ExecutionTime(s):49.651000022888184
FailureRate:1.0
level2
ExecutionTime(s):159.0039999485016
FailureRate:1.0
level3
ExecutionTime(s):295.8710000514984
FailureRate:1.0
