level0
ExecutionTime(s):105.51999998092651
FailureRate:1.0
level1
ExecutionTime(s):120.86899995803833
FailureRate:1.0
level2
ExecutionTime(s):47.16099977493286
FailureRate:1.0
level3
ExecutionTime(s):30.871000051498413
FailureRate:1.0
